100
112 x 144 | 
112
100 x 144 | 123 x 132 | 312 x 60 | 
123
112 x 132 | 
208
214 x 204 | 
214
208 x 204 | 
309
312 x 105 | 
312
309 x 105 | 112 x 60 | 
0
100
114 x 42 | 
114
100 x 42 | 214 x 60 | 314 x 60 | 
200
214 x 28 | 
214
200 x 28 | 114 x 60 | 314 x 60 | 
300
314 x 14 | 
314
300 x 14 | 114 x 60 | 214 x 60 | 
14
100
101 x 3 | 
101
100 x 3 | 102 x 3 | 
102
101 x 3 | 103 x 3 | 
103
102 x 3 | 104 x 3 | 
104
103 x 3 | 105 x 3 | 
105
104 x 3 | 106 x 3 | 
106
105 x 3 | 107 x 3 | 
107
106 x 3 | 108 x 3 | 
108
107 x 3 | 109 x 3 | 
109
108 x 3 | 114 x 15 | 309 x 60 | 
114
109 x 15 | 214 x 60 | 314 x 60 | 
212
213 x 2 | 
213
212 x 2 | 214 x 2 | 
214
213 x 2 | 114 x 60 | 314 x 60 | 
309
109 x 60 | 314 x 5 | 
314
309 x 5 | 114 x 60 | 214 x 60 | 
42
100
112 x 12 | 
112
100 x 12 | 
200
213 x 39 | 
213
200 x 39 | 
24
